2 0.0874999980442226 0.38963964907452464 0.0549999987706542 0.12162162456661463
2 0.16312499635387212 0.36599099985323846 0.04874999891035259 0.10135135380551219
2 0.22124999505467713 0.3637387475464493 0.03999999910593033 0.08783783996477723
2 0.2818749936996028 0.3817567660007626 0.033749999245628715 0.07882883073762059
2 0.3556249920511618 0.40090091060847044 0.03124999930150807 0.07207207381725311
2 0.43749999022111297 0.359234242932871 0.03249999927356839 0.06981982151046395
2 0.5062499886844307 0.3761261352337897 0.03249999927356839 0.07657657843083143
2 0.5624999874271452 0.3738738829270005 0.03499999921768904 0.07657657843083143
2 0.6418749856529757 0.345720729092136 0.033749999245628715 0.07432432612404227
2 0.6606249852338806 0.3873873967677355 0.033749999245628715 0.08108108304440975
2 0.7018749843118712 0.3761261352337897 0.038749999133870006 0.09459459688514471
2 0.7874999823980033 0.40090091060847044 0.04999999888241291 0.11261261533945799
2 0.8837499802466482 0.3186937014106661 0.04999999888241291 0.11486486764624715
