1 0.12394603877328336 0.5759493709774688 0.15682968171313405 0.2708860777784139
1 0.4030354185961187 0.46075949678197503 0.09106239583343267 0.13670886168256402
1 0.38111298996955156 0.2594936726382002 0.03372681327164173 0.04810126614756882
1 0.3237774074077606 0.37721519242040813 0.04384485725313425 0.06582278525456786
1 0.2394603742286563 0.35569620493333787 0.04384485725313425 0.058227848494425416
1 0.12225969810970128 0.358227850520052 0.04890387924388051 0.06329113966785371
1 0.507588539738208 0.374683546833694 0.03372681327164173 0.05569620290771127
1 0.5809443586040288 0.3696202556602657 0.03541315393522382 0.05569620290771127
1 0.623946045525372 0.3848101291805506 0.037099494598805904 0.05569620290771127
1 0.6180438532028347 0.6594936753390357 0.14671163773164153 0.2405063307378441
1 0.8060708371922374 0.4759493703022599 0.07082630787044764 0.11139240581542253
1 0.9241146836429834 0.41518987622112036 0.07082630787044764 0.12658227933570743
