1 0.04477612010668963 0.38750000577419996 0.03799185948446393 0.0875000013038516
1 0.15128901187563315 0.3562500053085387 0.03663500736001879 0.0875000013038516
1 0.2252374526578933 0.34843750519212335 0.03527815523557365 0.09062500135041773
1 0.2727272770134732 0.34062500507570803 0.04613297223113477 0.08125000121071935
1 0.5142469551647082 0.36093750537838787 0.054274084977805614 0.1531250022817403
1 0.6675712452270091 0.33593750500585884 0.04884667648002505 0.13437500200234354
1 0.7476255205692723 0.3015625044936314 0.03527815523557365 0.07812500116415322
1 0.768656728498172 0.40625000605359674 0.061058345600031316 0.1625000024214387
1 0.8113975704181939 0.49375000735744834 0.0841248317155987 0.218750003259629
1 0.8582089687115513 0.3234375048195943 0.03120759886223823 0.09687500144354999
1 0.8955224021337926 0.36250000540167093 0.04613297223113477 0.11875000176951289
1 0.9559023216716014 0.3468750051688403 0.04748982435557991 0.11250000167638063
