1 0.027777778159361333 0.5919661652296782 0.05238095310050994 0.1310782223008573
1 0.0873015885008499 0.49260041606612504 0.04444444505497813 0.06765327602624893
1 0.18809524067910388 0.514799147262238 0.055555556318722665 0.08245243015699089
1 0.27222222596174106 0.48202959168702364 0.04285714344587177 0.07188160577788949
1 0.36031746526714414 0.5391120433341712 0.10476190620101988 0.13530655205249786
1 0.41349206917220727 0.5126849823864177 0.04920634988229722 0.07822410040535033
1 0.5047619116958231 0.5295983013929799 0.06349206436425447 0.09513741941191256
1 0.6031746114604175 0.33509513281751424 0.11111111263744533 0.16701902518980205
1 0.6507936597336084 0.6205073910532519 0.13650793838314712 0.23044397146441042
1 0.7428571530617774 0.5517970325890929 0.08253968367353082 0.12262156279757619
