1 0.08203125244472176 0.4977777898311615 0.08072916907258332 0.12888889200985432
1 0.052734376571606845 0.3922222317196429 0.055989585001952946 0.09111111331731081
1 0.06380208523478359 0.32666667457669973 0.04687500139698386 0.0844444464892149
1 0.18684896390186623 0.3277777857147157 0.04296875128056854 0.07777777966111898
1 0.24153646553168073 0.3677777866832912 0.050781251513399184 0.08666666876524687
1 0.2532552158809267 0.4055555653758347 0.053385418257676065 0.09555555786937475
1 0.35416667722165585 0.4833333450369537 0.07291666883975267 0.10444444697350264
1 0.34505209361668676 0.3300000079907477 0.04427083465270698 0.07777777966111898
1 0.3710937610594556 0.28555556247010827 0.033854167675599456 0.060000001452863216
1 0.4576823053066619 0.36222223099321127 0.04296875128056854 0.07555555738508701
1 0.3561198022798635 0.764444462954998 0.10807291988749057 0.19555556029081345
1 0.5227864739135839 0.5411111242137849 0.06640625197906047 0.14000000339001417
1 0.5429687661817297 0.3911111205816269 0.04947916814126074 0.09333333559334278
1 0.6959635624079965 0.44111112179234624 0.055989585001952946 0.11333333607763052
1 0.7285156467114575 0.6411111266352236 0.08203125244472176 0.1755555598065257
1 0.7200521047925577 0.2211111164651811 0.028645834187045693 0.05111111234873533
1 0.9667969038127922 0.4300000104121864 0.06640625197906047 0.10444444697350264
