1 0.12500000186264515 0.483333358541131 0.07187500107102096 0.09166667144745588
1 0.013281250197906047 0.5947916976874694 0.023437500349245965 0.06041666981764138
1 0.04218750062864274 0.813541709096171 0.07812500116415322 0.1604166750330478
1 0.18125000270083547 0.8239583763061091 0.14375000214204192 0.1854166763368994
1 0.2109375031432137 0.5791666968725622 0.07187500107102096 0.10000000521540642
1 0.2992187544587068 0.5197916937759146 0.0703125010477379 0.08958333800546825
1 0.40703125606523827 0.5135416934499517 0.0703125010477379 0.09791667177341878
1 0.38750000577419996 0.7145833706017584 0.10625000158324838 0.14583334093913436
1 0.5445312581141479 0.7218750376487151 0.10781250160653144 0.1729166756849736
1 0.5953125088708475 0.6739583684829995 0.08125000121071935 0.14375000749714673
1 0.6554687597672455 0.41666668839752674 0.06718750100117177 0.08750000456348062
1 0.8476562626310624 0.6833333689719439 0.08281250123400241 0.1291666734032333
