1 0.14101562710129656 0.7348958716611378 0.12734375189756975 0.15312500798609108
1 0.11875000176951289 0.6802083688089624 0.11875000176951289 0.14375000749714673
1 0.052343750779982656 0.6531250340631232 0.0875000013038516 0.12708333996124566
1 0.04179687562282197 0.5604166958946735 0.055468750826548785 0.06875000358559191
1 0.03593750053551048 0.4994791927165352 0.026562500395812094 0.04895833588670939
1 0.07109375105937943 0.5078125264844857 0.026562500395812094 0.04687500244472176
1 0.09960937648429535 0.5203125271364115 0.030468750454019755 0.051041669328697026
1 0.12812500190921128 0.5364583613118157 0.034375000512227416 0.05000000260770321
1 0.1750000026077032 0.5114583600079641 0.03125000046566129 0.03750000195577741
1 0.2039062530384399 0.5182291936944239 0.0218750003259629 0.04062500211875886
1 0.21484375320142135 0.5463541951612569 0.03906250058207661 0.04270833556074649
1 0.2257812533644028 0.6109375318628736 0.07812500116415322 0.11354167258832604
1 0.3355468800000381 0.7911458745948039 0.1429687521304004 0.20520834403578192
1 0.5015625074738637 0.8765625457162969 0.15468750230502337 0.23645834566559643
1 0.6031250089872628 0.7041667033918202 0.12031250179279596 0.17083334224298596
1 0.5003906324564014 0.6619792011915706 0.11484375171130523 0.1427083407761529
1 0.42812500637955964 0.6807292021694593 0.07500000111758709 0.10729167226236314
1 0.4296875064028427 0.6067708649788983 0.0656250009778887 0.073958337190561
1 0.3546875052852556 0.5838541971170343 0.05468750081490725 0.07604167063254863
1 0.2925781293597538 0.5369791946723126 0.03828125057043508 0.061458336538635194
1 0.2589843788591679 0.5598958625341766 0.03828125057043508 0.05312500277068466
1 0.23945312856812961 0.5312500277068466 0.024218750360887498 0.041666668839752674
1 0.2441406286379788 0.5130208600894548 0.025781250384170562 0.034375001792795956
1 0.34179688009317033 0.5161458602524363 0.02109375031432137 0.03229166835080832
1 0.3769531306170393 0.5526041954872198 0.033593750500585884 0.051041669328697026
1 0.3988281309430022 0.534375027869828 0.025781250384170562 0.03958333539776504
1 0.41992188125732355 0.5427083616377786 0.02890625043073669 0.047916669165715575
1 0.47304688204894774 0.5546875289292075 0.030468750454019755 0.04687500244472176
1 0.5148437576717697 0.585937530559022 0.03906250058207661 0.04270833556074649
1 0.686328135227086 0.6734375351225026 0.07890625117579475 0.11979167291428894
1 0.8128906371130142 0.7708333735354245 0.14140625210711733 0.20833334419876337
1 0.7855468867055606 0.6302083662012592 0.058593750873114914 0.07708333735354245
1 0.8660156379046384 0.6442708669346757 0.08203125122236088 0.1239583397982642
1 0.9730468894995283 0.6546875341446139 0.04296875064028427 0.0927083381684497
1 0.9695312644471414 0.614062532025855 0.034375000512227416 0.05312500277068466
1 0.9339843889174517 0.5755208633490838 0.03515625052386895 0.05729166965465993
1 0.8570312627707608 0.5619791959761642 0.0218750003259629 0.04062500211875886
1 0.7972656368801836 0.585937530559022 0.03203125047730282 0.044791669002734125
1 0.8144531371362973 0.5588541958131827 0.027343750407453626 0.04687500244472176
1 0.7542968862398993 0.5604166958946735 0.024218750360887498 0.03750000195577741
1 0.714843760652002 0.5817708636750467 0.0437500006519258 0.061458336538635194
1 0.716406260675285 0.5390625281143002 0.026562500395812094 0.03645833523478359
1 0.6835937601863407 0.5312500277068466 0.018750000279396772 0.03750000195577741
1 0.6894531352736522 0.557291695731692 0.024218750360887498 0.031250001629814506
1 0.6570312597905286 0.5791666968725622 0.037500000558793545 0.047916669165715575
1 0.6277343843539711 0.6125000319443643 0.044531250663567334 0.06041666981764138
1 0.594531258859206 0.5979166978504509 0.04218750062864274 0.058333336375653744
1 0.5675781334575731 0.5562500290106982 0.03203125047730282 0.041666668839752674
1 0.521093757764902 0.5531250288477167 0.026562500395812094 0.03750000195577741
1 0.5414062580675818 0.5447916950797662 0.0218750003259629 0.029166668187826872
1 0.5214843827707227 0.5255208607413806 0.02109375031432137 0.034375001792795956
1 0.49960938244475983 0.5312500277068466 0.01796875026775524 0.031250001629814506
1 0.5472656331548933 0.5250000273808837 0.024218750360887498 0.027083334745839238
1 0.5640625084051862 0.5250000273808837 0.020312500302679837 0.027083334745839238
1 0.587890633760253 0.5380208613933064 0.019531250291038305 0.03020833490882069
1 0.631250009406358 0.5463541951612569 0.02500000037252903 0.034375001792795956
1 0.6210937592550181 0.5296875276253559 0.015625000232830644 0.03229166835080832
1 0.654687509755604 0.5395833614747971 0.018750000279396772 0.03333333507180214
