1 0.034374999231658876 0.3967661599162966 0.06374999857507646 0.1965174083597958
1 0.03749999916180968 0.231343278195709 0.03749999916180968 0.0845771124586463
1 0.0631249985890463 0.19900497049093246 0.026249999413266778 0.049751242622733116
1 0.1181249973597005 0.19776118942536414 0.026249999413266778 0.062189053278416395
1 0.13624999695457518 0.19029850303195417 0.02249999949708581 0.05223880475386977
1 0.26937499397899956 0.22388059180229902 0.033749999245628715 0.07960198819637299
1 0.28437499364372343 0.25248755631037056 0.03624999918974936 0.08706467458978295
1 0.3381249924423173 0.2226368107367307 0.038749999133870006 0.08208955032750964
1 0.3449999922886491 0.16791044385172427 0.03249999927356839 0.057213929016143084
1 0.3849999913945794 0.17288556811399758 0.0274999993853271 0.07213930180296302
1 0.40874999086372554 0.2189054675400257 0.047499998938292265 0.09950248524546623
1 0.42999999038875103 0.18656715983524919 0.024999999441206455 0.05472636688500643
1 0.3287499926518649 0.4315920297522098 0.10499999765306711 0.2412935267202556
1 0.608124986407347 0.46144277532584965 0.14124999684281647 0.3258706391789019
1 0.5399999879300594 0.12437810655683279 0.09249999793246388 0.22885571606457233
1 0.6218749861000106 0.2226368107367307 0.038749999133870006 0.09701492311432958
1 0.6449999855831265 0.14427860360592604 0.03499999921768904 0.06467661540955305
1 0.6874999846331775 0.038557213032618165 0.029999999329447746 0.0671641775406897
1 0.8412499811965972 0.6417910298332572 0.2474999944679439 0.45771143212914467
