1 0.109375 0.47800586465746164 0.0859375 0.1173020526766777
1 0.2119140625 0.5205278587527573 0.103515625 0.15542521979659796
1 0.140625 0.37096774158999324 0.0703125 0.0967741934582591
1 0.224609375 0.35923753632232547 0.04296875 0.07331378292292356
1 0.2587890625 0.3841642225161195 0.052734375 0.08797653950750828
1 0.32421875 0.3372434014454484 0.04296875 0.07624633423984051
1 0.4208984375 0.43255131924524903 0.056640625 0.10850439872592688
1 0.416015625 0.35923753632232547 0.03125 0.05571847502142191
1 0.4599609375 0.35923753632232547 0.041015625 0.07331378292292356
1 0.529296875 0.4032258060760796 0.05078125 0.0967741934582591
1 0.505859375 0.34897360671311617 0.03125 0.06451612897217274
1 0.560546875 0.32551319617778063 0.03515625 0.07038123160600662
1 0.5625 0.2199413487687707 0.03125 0.05865102633833885
1 0.6376953125 0.3621700876392424 0.044921875 0.07331378292292356
1 0.6728515625 0.4384164218790829 0.048828125 0.09090909082442522
1 0.7021484375 0.6070381226018071 0.099609375 0.14076246321201324
1 0.8759765625 0.2243401757441461 0.060546875 0.11436950135976076
