1 0.09111111331731081 0.7733333520591259 0.17777778208255768 0.4133333433419466
1 0.1066666692495346 0.5916666809935123 0.07111111283302307 0.10333333583548665
1 0.17777778208255768 0.5783333473373204 0.057777779176831245 0.09666666900739074
1 0.24888889491558075 0.6200000150129199 0.06666666828095913 0.12000000290572643
1 0.29555556271225214 0.693333350121975 0.0844444464892149 0.16666667070239782
1 0.2688888953998685 0.5800000140443444 0.0533333346247673 0.08000000193715096
1 0.3966666762717068 0.4500000108964741 0.04666666779667139 0.09333333559334278
1 0.44777778862044215 0.3966666762717068 0.060000001452863216 0.1000000024214387
1 0.43111112155020237 0.6200000150129199 0.0844444464892149 0.1600000038743019
1 0.536666679661721 0.5950000144075602 0.060000001452863216 0.09666666900739074
1 0.6022222368046641 0.6300000152550638 0.07111111283302307 0.12000000290572643
1 0.7200000174343586 0.610000014770776 0.07111111283302307 0.11333333607763052
1 0.6955555723980069 0.8983333550859243 0.17777778208255768 0.20333333825692534
1 0.8966666883789003 0.8783333546016365 0.13555555883795023 0.1766666709445417
