1 0.09375 0.7273463025339879 0.158203125 0.27022654621396214
1 0.16064453125 0.4822006633039564 0.0986328125 0.20064725587144494
1 0.259765625 0.4490291411639191 0.076171875 0.16990291827823967
1 0.30712890625 0.4635922484449111 0.0498046875 0.10841424309182912
1 0.53076171875 0.6051780136767775 0.1396484375 0.2783171613700688
1 0.611328125 0.4886731554288417 0.09375 0.17475728737190366
1 0.7080078125 0.4983818936161697 0.080078125 0.1391585806850344
1 0.7890625 0.45307444874197245 0.068359375 0.14239482674747705
1 0.8935546875 0.17799353343434632 0.087890625 0.16828479524701834
1 0.9521484375 0.7249191179871559 0.095703125 0.2944983916822821
