1 0.06015625089639798 0.8030303022824228 0.10468750155996531 0.1471861470490694
1 0.13671875203726813 0.7683982676826417 0.08906250132713467 0.14285714272409678
1 0.40937500610016286 0.7619047611951828 0.09687500144354999 0.12554112542420626
1 0.17578125261934474 0.9393939385190606 0.22031250328291208 0.12121212109923363
1 0.666406259930227 0.8160173152573407 0.09531250142026693 0.13419913407415152
1 0.7820312616531737 0.9318181809503585 0.14531250216532499 0.13636363623663783
1 0.7773437615833245 0.8441558433696628 0.1265625018859282 0.16450216434895992
1 0.8234375122701749 0.4545454541221261 0.07812500116415322 0.12554112542420626
1 0.7390625110128894 0.5259740254841745 0.06875000102445483 0.09956709947437048
1 0.6718750100117177 0.4621212116908282 0.07500000111758709 0.1320346319116652
1 0.5835937586962245 0.5064935060217977 0.0703125010477379 0.10822510812431574
1 0.4929687573458068 0.4166666662786156 0.06718750100117177 0.11471861461177468
1 0.40937500610016286 0.4848484843969345 0.07187500107102096 0.10389610379934311
1 0.315625004703179 0.46103896060958505 0.06875000102445483 0.12121212109923363
1 0.2109375031432137 0.5064935060217977 0.07500000111758709 0.09956709947437048
