1 0.5921875088242814 0.3643497941084206 0.05625000083819032 0.1008968660607934
1 0.8593750128056854 0.8183856913819909 0.11875000176951289 0.16591929085552692
1 0.6367187594878487 0.9170404048636556 0.14531250216532499 0.16591929085552692
1 0.4398437565541826 0.7410314274020493 0.0921875013737008 0.13677130732685328
1 0.29296875436557457 0.7073991387151182 0.07656250114087015 0.10986547637730837
1 0.21015625313157216 0.8856502687558532 0.15156250225845724 0.21973095275461674
1 0.2234375033294782 0.6782511551864445 0.0656250009778887 0.11434978153556585
1 0.1773437526426278 0.6255605695769191 0.05781250086147338 0.09417040832340717
1 0.037500000558793545 0.7410314274020493 0.07187500107102096 0.14125561248511076
1 0.14843750221189111 0.5639013736508787 0.034375000512227416 0.06053811963647604
