1 0.07444444624707103 0.628801419341471 0.12000000290572643 0.2450804963009432
1 0.05000000121071935 0.4284436413436197 0.0533333346247673 0.1127012501237914
1 0.10777778038755059 0.4463327286648564 0.07333333510905504 0.12343470251653343
1 0.08222222421318293 0.3649373813532293 0.057777779176831245 0.08944543660618365
1 0.12777778087183833 0.36851519881747663 0.05111111234873533 0.11449015885591507
1 0.17888889322057366 0.7620751198846847 0.15777778159826994 0.279069762211293
1 0.2444444503635168 0.5966010621632449 0.1066666692495346 0.19499105180148035
1 0.2672222286928445 0.4051878278260119 0.0611111125908792 0.1055456151952967
1 0.3133333409205079 0.4025044647278264 0.04666666779667139 0.11806797632016242
1 0.38555556489154696 0.2477638593991287 0.06444444600492716 0.13416815490927547
1 0.4200000101700425 0.5438282545655966 0.08000000193715096 0.1252236112486571
1 0.4288888992741704 0.5080500799231231 0.08888889104127884 0.1395348811056465
1 0.45500001101754606 0.7316636714385822 0.16333333728834987 0.2719141272827983
1 0.5511111244559288 0.6135956951184198 0.13333333656191826 0.25402503996156156
1 0.5172222347464412 0.4946332644321956 0.09444444673135877 0.13774597237352282
1 0.6422222377732396 0.5277280759764835 0.08000000193715096 0.15026833349838853
1 0.6488889046013355 0.4436493655666709 0.07111111283302307 0.1252236112486571
1 0.685000016586855 0.38640428613871336 0.05888889031484723 0.10733452392742038
1 0.6994444613810629 0.4150268258526921 0.047777778934687376 0.12164579378440976
1 0.7611111295409501 0.5116278973873705 0.08666666876524687 0.14669051603414118
1 0.7972222415264696 0.4508050004951656 0.07222222397103906 0.11091234139166772
1 0.8494444650132209 0.432021458807867 0.0611111125908792 0.10196779773104936
1 0.8966666883789003 0.3953488297993317 0.055555556900799274 0.10375670646317303
1 0.9066666886210442 0.3658318357192911 0.057777779176831245 0.08407871040981263
