1 0.2660377398133278 0.36685551912523806 0.1471698135137558 0.2067988640628755
1 0.46415095031261444 0.24362605903297663 0.12075471878051758 0.2266288921236992
1 0.4575471766293049 0.8328611785545945 0.19811321049928665 0.32294617127627134
1 0.6896226517856121 0.8257790256757289 0.21698113530874252 0.30878186551854014
1 0.713207557797432 0.5509914939757437 0.1018867939710617 0.1841359748505056
1 0.6556603871285915 0.45892350655049086 0.062264151871204376 0.12464589066803455
1 0.6547169908881187 0.38810197776183486 0.06415094435214996 0.09065155684947968
1 0.7226415202021599 0.4192634504288435 0.06037735939025879 0.10764872375875711
1 0.8169811442494392 0.4065155752468854 0.07924528419971466 0.11614730721339583
1 0.8716981261968613 0.378186963731423 0.06037735939025879 0.09348441800102592
1 0.9254717119038105 0.4050991446711123 0.08113207668066025 0.13031161297112703
1 0.9801886938512325 0.3767705331556499 0.03962264209985733 0.10764872375875711
1 0.9245283156633377 0.6402266202494502 0.13962264358997345 0.20963172521442175
