1 0.1298828125 0.6503906443831511 0.107421875 0.16276042151730508
1 0.43359375 0.6503906443831511 0.09375 0.12630208709742874
1 0.8447265625 0.6380208523478359 0.099609375 0.11718750349245965
1 0.9775390625 0.4973958481568843 0.044921875 0.07552083558402956
1 0.9072265625 0.481770847691223 0.0390625 0.05989583511836827
1 0.7939453125 0.46614584722556174 0.03515625 0.04687500139698386
1 0.8115234375 0.43815105472458526 0.02734375 0.03776041779201478
1 0.7373046875 0.4427083465270698 0.02734375 0.04687500139698386
1 0.6708984375 0.49544272309867665 0.048828125 0.07421875221189111
1 0.64501953125 0.44661459664348513 0.0302734375 0.04947916814126074
1 0.5625 0.49283855635439977 0.046875 0.07161458546761423
1 0.5732421875 0.4524739718181081 0.03515625 0.04036458453629166
1 0.56005859375 0.4368489713524468 0.0283203125 0.04296875128056854
1 0.3486328125 0.5214843905414455 0.048828125 0.08723958593327552
1 0.36572265625 0.44791668001562357 0.0302734375 0.04947916814126074
1 0.259765625 0.4544270968763158 0.04296875 0.07031250209547579
1 0.2861328125 0.46289063879521564 0.029296875 0.035156251047737896
1 0.16796875 0.42447917931713164 0.02734375 0.0416666679084301
1 0.125 0.4687500139698386 0.0390625 0.052083334885537624
1 0.09912109375 0.45963543036486953 0.0263671875 0.03645833441987634
1 0.06787109375 0.4687500139698386 0.0380859375 0.04687500139698386
1 0.01611328125 0.5097656401921995 0.0302734375 0.07942708570044488
