1 0.06700000318232924 0.4503424623981118 0.13000000617466867 0.28424657322466373
1 0.11600000550970435 0.3749999972060323 0.03200000151991844 0.06506849266588688
1 0.15300000726711005 0.40068492852151394 0.04600000218488276 0.0890410952270031
1 0.20800000987946987 0.4349315036088228 0.06800000322982669 0.12328767031431198
1 0.2500000118743628 0.4914383525028825 0.04400000208988786 0.11986301280558109
1 0.23100001097191125 0.6472602691501379 0.0780000037048012 0.15753424540162086
1 0.2890000137267634 0.43664383236318827 0.042000001994892955 0.07876712270081043
1 0.29100001382175833 0.3869862984865904 0.026000001234933734 0.04794520512223244
1 0.3180000151041895 0.41609588731080294 0.028000001329928637 0.06506849266588688
1 0.34600001643411815 0.4417808186262846 0.04000000189989805 0.0890410952270031
1 0.36700001743156463 0.38869862724095583 0.026000001234933734 0.051369862630963326
1 0.4050000192364678 0.42465753108263016 0.034000001614913344 0.06164383515715599
1 0.4600000218488276 0.4263698598369956 0.03600000170990825 0.07191780768334866
1 0.4930000234162435 0.43664383236318827 0.03000000142492354 0.0582191776484251
1 0.5350000254111364 0.44691780488938093 0.03800000180490315 0.06506849266588688
1 0.5320000252686441 0.49486301001161337 0.04400000208988786 0.08561643771827221
1 0.5870000278810039 0.4486301336437464 0.034000001614913344 0.07534246519207954
1 0.6440000305883586 0.4640410924330354 0.03200000151991844 0.0582191776484251
1 0.6560000311583281 0.5034246537834406 0.04000000189989805 0.06849315017461777
1 0.6810000323457643 0.44006848987191916 0.03000000142492354 0.0582191776484251
1 0.6820000323932618 0.3749999972060323 0.03200000151991844 0.06506849266588688
1 0.7740000367630273 0.26883561443537474 0.04400000208988786 0.11301369778811932
1 0.8810000418452546 0.3458904083818197 0.03000000142492354 0.06164383515715599
1 0.23700001125689596 0.4041095860302448 0.026000001234933734 0.054794520139694214
1 0.21000000997446477 0.3681506821885705 0.03200000151991844 0.04452054761350155
