2 0.18916667124722153 0.18442621920257807 0.10166666912846267 0.16393441706895828
2 0.27250000659842044 0.2397540849633515 0.05833333474583924 0.09426228981465101
2 0.35666667530313134 0.40676227235235274 0.1066666692495346 0.11270491173490882
2 0.3350000081118196 0.23565572453662753 0.05000000121071935 0.07786884810775518
2 0.4050000098068267 0.24487703549675643 0.043333334382623434 0.07172130746766925
2 0.4958333453396335 0.24999998603016138 0.04500000108964741 0.06967212725430727
2 0.5458333465503529 0.2592212969902903 0.05500000133179128 0.06352458661422133
2 0.610833348124288 0.26434424752369523 0.051666667917743325 0.06557376682758331
2 0.7141666839597747 0.25102457613684237 0.051666667917743325 0.07172130746766925
2 0.7991666860179976 0.2295081838965416 0.051666667917743325 0.061475406400859356
2 0.8341666868655011 0.25204916624352336 0.04833333450369537 0.06967212725430727
2 0.8983333550859243 0.24077867507003248 0.09333333559334278 0.1331967138685286
2 0.9766666903160512 0.24487703549675643 0.04666666779667139 0.10860655130818486
