1 0.041000001947395504 0.6366366520524025 0.050000002374872565 0.06606606766581535
1 0.042000001994892955 0.5825825966894627 0.02400000113993883 0.042042043060064316
1 0.07300000346731395 0.573573587462306 0.026000001234933734 0.048048049211502075
1 0.08300000394228846 0.7807807996869087 0.08600000408478081 0.13813814148306847
1 0.1560000074096024 0.6396396551281214 0.04400000208988786 0.06606606766581535
1 0.22100001049693674 0.5960961105301976 0.04600000218488276 0.07507507689297199
1 0.2510000119218603 0.6681681843474507 0.05400000256486237 0.08108108304440975
1 0.29100001382175833 0.6156156305223703 0.042000001994892955 0.07807807996869087
1 0.34400001633912325 0.6426426582038403 0.04800000227987766 0.08408408612012863
1 0.3740000177640468 0.6261261412873864 0.03600000170990825 0.06906907074153423
1 0.44300002104137093 0.6321321474388242 0.04600000218488276 0.08108108304440975
1 0.47100002237129956 0.6876877043396235 0.058000002754852176 0.10810811072587967
1 0.5120000243186951 0.48498499672859907 0.028000001329928637 0.045045046135783195
1 0.5400000256486237 0.6441441597416997 0.05200000246986747 0.09309309534728527
1 0.6110000290209427 0.9264264488592744 0.10600000503472984 0.12912913225591183
1 0.6740000320132822 0.7162162335589528 0.06400000303983688 0.11111111380159855
1 0.6690000317757949 0.6441441597416997 0.050000002374872565 0.07507507689297199
1 0.6390000303508714 0.6096096243709326 0.042000001994892955 0.06606606766581535
1 0.7200000341981649 0.6426426582038403 0.04800000227987766 0.07207207381725311
1 0.7150000339606777 0.5990991136059165 0.042000001994892955 0.06306306459009647
1 0.8610000408953056 0.648648664355278 0.042000001994892955 0.07807807996869087
1 0.9030000428901985 0.7492492673918605 0.0740000035148114 0.11111111380159855
