1 0.15478515625 0.6445312692085281 0.1318359375 0.18489583884365857
1 0.14697265625 0.40950522053753957 0.0966796875 0.14192708756309003
1 0.03125 0.38671876152511686 0.056640625 0.1250000037252903
1 0.2578125 0.52604168234393 0.125 0.14322917093522847
1 0.462890625 0.5618489750777371 0.138671875 0.1445312543073669
1 0.26025390625 0.31315105099929497 0.0947265625 0.12630208709742874
1 0.18896484375 0.2597656327416189 0.0556640625 0.07942708570044488
1 0.3515625 0.21549479808891192 0.06640625 0.10026041965465993
1 0.39453125 0.2923177170450799 0.08203125 0.1184895868645981
1 0.560546875 0.44140626315493137 0.10546875 0.11197917000390589
1 0.51904296875 0.34765626036096364 0.0908203125 0.11458333674818277
1 0.46728515625 0.24804688239237294 0.0693359375 0.08203125244472176
1 0.68896484375 0.36002605239627883 0.0908203125 0.11588542012032121
1 0.67724609375 0.2695312580326572 0.0810546875 0.09114583604969084
1 0.845703125 0.23958334047347307 0.072265625 0.11979167023673654
1 0.9423828125 0.38346355309477076 0.083984375 0.1315104205859825
1 0.9736328125 0.28059896669583395 0.052734375 0.11588542012032121
1 0.79443359375 0.25195313250878826 0.0654296875 0.11067708663176745
