1 0.19146608537994325 0.5377283680136316 0.11706783506087959 0.1906274864450097
1 0.11378555931150913 0.5782367088831961 0.06126914732158184 0.0969023056095466
1 0.2828227604040876 0.6076251130434684 0.056892779655754566 0.0937251808354631
1 0.35120350518263876 0.5595711008354556 0.04595186049118638 0.0786338381585665
1 0.39250547502888367 0.503574276692234 0.042122538783587515 0.0667196202557534
1 0.4715536159928888 0.5591739602386951 0.03829321707598865 0.07783955696504563
1 0.5169584305258468 0.5643367879965808 0.03938730899244547 0.06115965190110728
1 0.5913566808449104 0.5520254294970073 0.03610503324307501 0.0635424954816699
1 0.6632932243519463 0.5988880199147388 0.06291028519626707 0.10325655515771359
1 0.7718818470602855 0.5277998530946206 0.1061269158963114 0.18030183092923835
1 0.8796499008312821 0.5822081148508005 0.06673960690386593 0.11914217902813107
1 0.9567833809414878 0.6215250339300837 0.05361050390638411 0.09610802441602573
