1 0.024528302252292633 0.7121211950434372 0.04150943458080292 0.07070706901140511
1 0.08207547292113304 0.745791227906011 0.04716981202363968 0.07744107558391988
1 0.0877358503639698 0.702020185184665 0.035849057137966156 0.06397306243889034
1 0.1481132097542286 0.762626244337298 0.06603773683309555 0.12457912159152329
1 0.16603773832321167 0.6902356736827642 0.05283018946647644 0.10101009858772159
1 0.21509434282779694 0.7356902180472389 0.06792452931404114 0.13804713473655283
1 0.2754717022180557 0.7272727098315954 0.04150943458080292 0.09427609201520681
1 0.37169811874628067 0.6952861786121503 0.05283018946647644 0.0976430953014642
1 0.46132076159119606 0.6464646309614182 0.03962264209985733 0.08080807887017727
1 0.44528302550315857 0.488215476507321 0.04150943458080292 0.08080807887017727
1 0.4405660443007946 0.8299663100624457 0.08490566164255142 0.20538720046170056
1 0.5716981217265129 0.7727272541960701 0.07547169923782349 0.13804713473655283
1 0.6566037833690643 0.8417508215643466 0.1169811338186264 0.20202019717544317
1 0.6452830284833908 0.7171716999728233 0.07169811427593231 0.15488215116783977
1 0.76320755854249 0.7727272541960701 0.07735849171876907 0.15151514788158238
1 0.7735849171876907 0.718855201615952 0.07547169923782349 0.13804713473655283
