1 0.026562500395812094 0.6395833666902035 0.03593750053551048 0.05000000260770321
1 0.08281250123400241 0.7854167076293379 0.07812500116415322 0.08750000456348062
1 0.10546875157160684 0.9109375475090928 0.11875000176951289 0.14687500766012818
1 0.26679687897558324 0.8208333761431277 0.10390625154832378 0.12083333963528275
1 0.2246093783469405 0.6958333696238697 0.044531250663567334 0.06250000325962901
1 0.200390627986053 0.6546875341446139 0.02890625043073669 0.04895833588670939
1 0.13164062696159817 0.665625034715049 0.04296875064028427 0.06250000325962901
1 0.10351562654250301 0.6250000325962901 0.033593750500585884 0.04375000228174031
1 0.17226562756695785 0.6125000319443643 0.024218750360887498 0.03750000195577741
1 0.21367187818395905 0.6098958651418798 0.027343750407453626 0.03645833523478359
1 0.22656250337604433 0.6354166998062283 0.03125000046566129 0.04583333572372794
1 0.28515625424915925 0.6791667020879686 0.037500000558793545 0.06041666981764138
1 0.2859375042608008 0.6265625326777808 0.02500000037252903 0.04062500211875886
1 0.31406250467989594 0.6416667001321912 0.02812500041909516 0.041666668839752674
1 0.31484375469153747 0.6098958651418798 0.023437500349245965 0.04062500211875886
1 0.3464843801630195 0.6078125316998921 0.022656250337604433 0.038541668676771224
1 0.36445313043077476 0.6322916996432468 0.025781250384170562 0.03958333539776504
1 0.38632813075673766 0.6187500322703272 0.024218750360887498 0.041666668839752674
1 0.4167968812107574 0.6119791985838674 0.024218750360887498 0.03229166835080832
1 0.42460938132717274 0.6453125336556695 0.030468750454019755 0.04270833556074649
1 0.4132812561583705 0.7036458700313233 0.04531250067520887 0.06979167030658573
1 0.3546875052852556 0.7114583704387769 0.05000000074505806 0.06666667014360428
1 0.4621093818859663 0.6395833666902035 0.025781250384170562 0.04583333572372794
1 0.47265625704312697 0.625520865956787 0.017187500256113708 0.03645833523478359
1 0.49453125736908987 0.6260416993172839 0.023437500349245965 0.03541666851378977
1 0.5359375079860911 0.6630208679125644 0.03593750053551048 0.04687500244472176
1 0.5597656333411578 0.7255208711721934 0.05703125084983185 0.07812500407453626
1 0.6085937590687536 0.7250000378116965 0.0437500006519258 0.06250000325962901
1 0.5742187585565262 0.6536458674236201 0.03125000046566129 0.04895833588670939
1 0.5640625084051862 0.6265625326777808 0.023437500349245965 0.03645833523478359
1 0.5863281337369699 0.631250032922253 0.024218750360887498 0.03750000195577741
1 0.6468750096391886 0.6531250340631232 0.02500000037252903 0.03750000195577741
1 0.6742187600466423 0.6364583665272221 0.026562500395812094 0.04375000228174031
1 0.6925781353202183 0.6953125362633727 0.03984375059371814 0.051041669328697026
1 0.7273437608382665 0.6562500342261046 0.03906250058207661 0.06041666981764138
1 0.9164062636555173 0.5213541938574053 0.059375000884756446 0.0802083375165239
