1 0.0874999980442226 0.3421875050989911 0.1699999962002039 0.30937500461004674
1 0.31124999304302037 0.37031250551808625 0.12749999715015292 0.16562500246800482
1 0.38249999145045877 0.38281250570435077 0.04999999888241291 0.09687500144354999
1 0.42624999047257006 0.41406250617001206 0.047499998938292265 0.07187500107102096
1 0.47999998927116394 0.4171875062165782 0.04499999899417162 0.07187500107102096
1 0.41499999072402716 0.3062500045634806 0.029999999329447746 0.05625000083819032
1 0.8012499820906669 0.4156250061932951 0.03749999916180968 0.07500000111758709
1 0.8424999811686575 0.40156250598374754 0.0549999987706542 0.07812500116415322
1 0.906249979743734 0.38750000577419996 0.0874999980442226 0.12500000186264515
1 0.9724999782629311 0.4156250061932951 0.0549999987706542 0.08125000121071935
