1 0.18000000854954123 0.8258258458226919 0.13600000645965338 0.20420420914888382
1 0.10300000489223748 0.5600600736215711 0.07000000332482159 0.10510510765016079
1 0.1850000087870285 0.3648648736998439 0.042000001994892955 0.06306306459009647
1 0.23300001106690615 0.37537538446485996 0.03800000180490315 0.054054055362939835
1 0.24900001182686538 0.3318318398669362 0.034000001614913344 0.039039039984345436
1 0.3040000144392252 0.34534535370767117 0.028000001329928637 0.048048049211502075
1 0.35200001671910286 0.3423423506319523 0.028000001329928637 0.054054055362939835
1 0.3740000177640468 0.3963964059948921 0.03200000151991844 0.06606606766581535
1 0.4130000196164474 0.46846847981214523 0.07000000332482159 0.11411411687731743
1 0.43000002042390406 0.39789790753275156 0.06000000284984708 0.07507507689297199
1 0.41600001975893974 0.34084084909409285 0.03600000170990825 0.057057058438658714
1 0.4440000210888684 0.2642642706632614 0.02400000113993883 0.042042043060064316
1 0.4930000234162435 0.3423423506319523 0.034000001614913344 0.07207207381725311
1 0.56500002683606 0.3288288367912173 0.04600000218488276 0.06306306459009647
1 0.5780000274535269 0.3813813906162977 0.05200000246986747 0.09009009227156639
1 0.6280000298283994 0.3498498583212495 0.04800000227987766 0.08708708919584751
1 0.6300000299233943 0.29879880603402853 0.03600000170990825 0.057057058438658714
1 0.7280000345781446 0.3168168244883418 0.03600000170990825 0.057057058438658714
1 0.5750000273110345 0.5840840982273221 0.10600000503472984 0.15915916301310062
1 0.7480000355280936 0.41291292291134596 0.05200000246986747 0.11111111380159855
1 0.780000037048012 0.36336337216198444 0.05600000265985727 0.08408408612012863
1 0.8920000423677266 0.4549549659714103 0.08800000417977571 0.14114114455878735
1 0.9520000452175736 0.37537538446485996 0.06400000303983688 0.10810811072587967
1 0.802000038092956 0.5825825966894627 0.12400000588968396 0.18018018454313278
