1 0.11833333619870245 0.1659038825891912 0.21000000508502126 0.31807778868824244
1 0.380833342554979 0.48283750656992197 0.11833333619870245 0.20137298852205276
1 0.5125000124098733 0.41418762411922216 0.0916666688863188 0.18306635320186615
1 0.612500014831312 0.4290617653168738 0.06500000157393515 0.12585811782628298
1 0.61583334824536 0.35583522403612733 0.04833333450369537 0.08009152952581644
1 0.6575000159209594 0.41189929470419884 0.04500000108964741 0.09610983543097973
1 0.6575000159209594 0.37757435347884893 0.0383333342615515 0.06407322362065315
1 0.6758333496982232 0.34553774166852236 0.031666667433455586 0.054919905960559845
1 0.7000000169500709 0.38329517701640725 0.033333334140479565 0.05720823537558317
1 0.7150000173132867 0.34324941225349903 0.02666666731238365 0.05034324713051319
1 0.690833350061439 0.724256259854883 0.16500000399537385 0.2540045650675893
1 0.7283333509694785 0.5617848713882267 0.11000000266358256 0.17620136495679617
1 0.7716666853521019 0.47711668303236365 0.09333333559334278 0.13958809431642294
1 0.8891666881972924 0.3443935769610107 0.04500000108964741 0.07093821186572313
1 0.8600000208243728 0.35469105932861567 0.033333334140479565 0.0594965647906065
